0 5.0 9 0 0 0 0.0 1.0 0.0
0 5.0 19 0 0 0 0.0 1.0 0.0
0 5.0 5 0 0 0 0.0 1.0 0.0
0 5.0 6 0 0 0 0.0 0.0 0.0
5.0 10.0 9 0.0 1.0 0.0 0.0 0.0 0.0
5.0 10.0 19 0.0 1.0 0.0 0.0 0.0 0.5
5.0 10.0 5 0.0 1.0 0.0 0.0 0.0 0.0
5.0 10.0 6 0.0 0.0 0.0 0.75 0.0 0.0
10.0 15.0 9 0.0 0.0 0.0 0.0 1.0 1.0
10.0 15.0 19 0.0 0.0 0.5 0.0 0.0 1.0
10.0 15.0 5 0.0 0.0 0.0 0.0 1.0 1.0
10.0 15.0 6 0.75 0.0 0.0 0.0 1.0 0.0
15.0 20.0 9 0.0 1.0 1.0 0.0 0.0 0.0
15.0 20.0 19 0.0 0.0 1.0 0.0 0.0 0.0
15.0 20.0 5 0.0 1.0 1.0 0.0 0.0 0.0
15.0 20.0 6 0.0 1.0 0.0 0.0 0.0 0.0